78 97 107 110 97 107 32 78 97 110 97 110 97 107 32 78 97 107 110 97 107 32 78 97 110 97 110 97 110 97 107 32 78 97 107 110 97 107 110 97 107 32 78 97 110 97 110 97 110 97 107 32 78 97 107 110 97 107 32 78 97 110 97 110 97 110 97 107 32 78 97 107 110 97 107 110 97 107 32 78 97 107 63 32 78 97 107 110 97 107 32 78 97 107 110 97 107 32 78 97 110 97 110 97 110 97 107 32 78 97 110 97 110 97 107 32 78 97 110 97 110 97 110 97 107 32 78 97 107 32 78 97 110 97 110 97 110 97 107 32 78 97 110 97 110 97 107 32 78 97 110 97 110 97 110 97 107 32 110 97 107 63 32 78 97 107 110 97 107 110 97 107 32 110 97 110 97 107 32 110 97 107 63 32 78 97 110 97 110 97 110 97 107 32 78 97 107 110 97 107 110 97 107 32 78 97 107 110 97 107 46 32 78 97 107 110 97 107 32 110 97 107 33 32 78 97 107 110 97 107 32 78 97 110 97 110 97 107 32 78 97 110 97 110 97 110 97 107 32 78 97 107 32 78 97 107 63 32 110 97 107 110 97 107 32 110 97 107 63 32 110 97 107 110 97 107 110 97 107 32 78 97 110 97 110 97 110 97 107 32 78 97 110 97 107 32 78 97 110 97 110 97 110 97 107 32 110 97 107 63 32 110 97 107 63 32 110 97 107 110 97 107 110 97 107 32 78 97 110 97 110 97 110 97 107 32 78 97 107 110 97 107 110 97 107 32 78 97 107 110 97 107 32 78 97 107 46 32 78 97 110 97 110 97 110 97 107 32 78 97 110 97 110 97 110 97 107 32 110 97 107 63 32 110 97 107 110 97 107 110 97 107 32 78 97 107 110 97 107 110 97 107 32 78 97 107 32 78 97 110 97 110 97 110 97 107 32 78 97 107 32 78 97 107 110 97 107 110 97 107 32 78 97 107 32 78 97 107 110 97 107 110 97 107 32 110 97 107 63 32 78 97 107 110 97 107 32 110 97 107 110 97 107 32 78 97 110 97 110 97 110 97 107 32 78 97 107 63 32 78 97 107 110 97 107 110 97 107 32 78 97 110 97 110 97 107 32 110 97 107 63 32 110 97 107 110 97 107 110 97 107 32 78 97 107 110 97 107 110 97 107 32 78 97 107 110 97 107 110 97 107 32 78 97 110 97 110 97 110 97 107 32 78 97 107 63 32 78 97 107 110 97 107 110 97 107 32 78 97 107 110 97 107 46 32 78 97 107 110 97 107 110 97 107 32 110 97 107 33



hashcat -m <hash_mode> -a 3 hash.txt ?a?a?a?a






