51 255 1
308 310 3
297 142 0
47 101 2
35 88 3
196 192 3
302 106 3
312 0 0
46 108 1
39 243 2
74 76 2
211 127 0
4 6 1
29 245 0
192 194 1
247 235 0
40 4 0
306 308 3
28 114 0
243 307 2
26 28 0
294 296 1
154 156 1
12 118 2
144 146 1
162 205 3
44 46 1
59 268 1
128 130 1
184 186 1
93 28 1
63 275 0
39 61 2
63 287 3
320 42 3
310 312 1
127 211 3
9 235 3
138 209 3
102 104 1
108 109 3
257 290 2
34 36 3
307 243 2
25 247 2
224 226 1
100 102 1
155 224 0
70 72 0
162 164 3
10 243 0
76 78 2
268 59 1
205 96 1
235 247 0
114 28 1
214 216 3
313 31 0
264 266 1
62 64 1
63 255 1
302 304 2
25 185 3
188 190 2
282 284 3
152 154 1
31 305 1
311 291 1
58 60 2
234 236 2
14 16 0
274 276 3
31 313 2
208 210 1
265 137 0
177 244 1
4 40 3
84 86 3
270 272 1
94 281 3
38 40 3
110 112 0
33 233 2
24 26 1
200 202 1
105 83 0
238 240 1
232 234 1
291 311 2
114 116 2
260 262 3
130 132 2
205 162 3
296 298 1
45 289 1
211 50 1
198 278 0
251 252 2
275 63 2
136 138 1
319 249 3
48 50 1
288 290 1
16 18 1
280 282 1
287 63 0
12 14 3
313 38 3
93 97 1
0 2 1
301 9 1
88 35 3
97 215 0
21 43 2
180 182 1
162 133 0
304 306 1
301 175 1
108 110 3
5 205 1
156 158 3
18 20 0
140 142 0
13 147 2
10 110 1
276 278 0
86 88 3
253 51 3
248 250 1
142 297 0
257 13 3
137 265 0
69 149 3
122 124 3
275 144 1
243 39 3
82 84 1
190 192 0
182 184 0
104 106 1
198 200 3
290 292 2
144 275 1
134 136 1
159 155 3
175 301 1
109 108 3
101 47 0
209 138 3
20 22 0
281 94 3
141 85 2
148 150 3
61 39 2
244 177 1
97 227 2
51 253 2
226 228 3
83 105 0
53 144 1
266 268 2
233 33 3
43 21 0
224 155 0
28 93 1
54 56 2
174 176 1
168 170 1
32 34 1
92 94 1
255 63 2
300 302 0
160 170 1
202 204 3
85 141 1
258 260 2
55 113 0
106 302 1
120 122 1
218 250 3
155 159 0
110 10 3
262 264 1
227 97 2
278 280 3
251 295 2
236 238 1
284 286 1
6 8 2
246 248 2
222 224 0
172 174 0
90 92 2
57 247 0
250 252 1
16 54 2
9 301 2
118 120 1
96 205 1
210 212 2
118 229 1
176 135 2
235 23 0
88 90 1
80 82 1
187 177 2
113 55 0
235 106 3
64 66 1
268 270 0
54 16 0
185 25 3
292 294 1
194 196 1
42 320 0
298 300 3
217 45 0
321 40 1
252 251 2
252 254 3
146 148 2
23 235 0
28 30 1
97 93 2
118 12 3
106 235 3
98 100 3
20 174 0
175 312 0
78 80 0
96 98 1
272 240 3
174 20 0
150 152 2
285 57 0
136 99 1
1 230 3
192 196 3
230 1 3
59 185 0
204 206 0
196 198 3
149 69 1
116 118 1
40 321 1
312 175 0
144 53 1
53 304 1
60 62 0
166 168 0
124 126 0
99 136 1
178 180 3
278 198 0
46 48 3
56 58 1
215 97 0
132 134 2
247 57 2
50 52 3
228 230 1
170 172 2
66 68 3
2 4 0
72 74 1
295 251 3
299 225 1
106 108 2
158 160 3
50 211 1
94 96 1
164 184 2
304 53 1
243 10 0
245 29 1
138 140 2
29 75 0
305 31 2
160 162 1
240 272 0
247 25 3
108 46 3
155 72 1
72 155 1
112 114 1
126 128 2
205 5 2
250 218 2
75 29 2
147 13 3
184 164 1
254 256 3
230 232 2
304 69 1
225 299 0
177 187 1
216 218 1
242 244 3
235 9 2
30 295 0
52 54 0
212 214 3
321 43 0
185 59 1
186 188 2
229 118 1
220 222 3
206 208 3
227 31 0
286 288 0
45 217 0
42 44 2
295 30 0
133 162 0
164 166 0
69 304 1
8 10 1
22 24 1
57 285 1
47 225 1
256 258 1
40 42 1
170 160 3
272 274 1
225 47 3
176 178 1
244 246 0
267 113 3
290 257 2
38 313 3
218 220 2
43 321 1
142 144 1
13 257 2
68 70 0
31 227 0
10 12 0
36 38 2
135 176 2
255 51 0
113 267 3
21 191 1
191 21 2
289 45 2
240 242 1
249 319 0
30 32 3
